0.025624905
0.014125241
0.063146721
0.010238665
0.016158031
0.035876614
0.032167012
0.013659846
0.013345759
0.017495548
0.023247759
0.049786143
0.014014385
0.01431232
0.015688144
0.0162261
0.014993932
0.012062785
0.011875522
0.016134519
0.023150344
0.010602755
0.015772818
0.015855406
0.028226088
0.026963129
0.016369544
0.018007232
0.017283082
0.010631443
0.013259882
0.015757127
0.016467605
0.010130284
0.014943755
0.099164915
0.010645495
0.016080935
0.013612624
0.014894886
0.017778684
0.012525245
0.016366149
0.018971419
0.011414211
0.012330106
0.01549774
0.011000241
0.016034153
0.015672715
0.050681911
0.01771562
0.017149948
0.016922288
0.019933649
0.01380555
0.01533732
0.070874812
0.015509239
0.018509279
