0.038159449
0.016499029
0.015935304
0.013592968
0.009952783
0.012896944
0.009351698
0.014203555
0.014192619
0.01354509
0.012958963
0.013617351
0.017062047
0.017055455
0.009448783
0.014932837
0.014514734
0.018677186
0.012577145
0.016739363
0.013760171
0.017780853
0.017797105
0.014429259
0.02040693
0.014068669
0.026708998
0.014707183
0.024509499
0.012849788
0.014651528
0.018446079
0.022475116
0.02667229
0.027505389
0.014190854
0.014218471
0.020335019
0.013689285
0.014303361
0.01442253
0.021697182
0.018641275
0.013321623
0.014631152
0.027676248
0.012842185
0.014495337
0.019844855
0.021540229
0.017318751
0.016154397
0.018160825
0.012310867
0.016814481
0.017985823
0.013643316
0.015089443
0.015461513
0.090796333
