0.024588951
0.090936671
0.399023621
0.020725029
0.017566727
0.016853083
0.028069853
0.017196659
0.017603826
0.022634431
0.014891205
0.020990922
0.033996845
0.01284732
0.031803835
0.017639229
0.021187503
0.018313906
0.013447493
0.018461297
0.033886475
0.011056298
0.045408609
0.021444359
0.052627627
0.021905457
0.016377865
0.021076654
0.018396998
0.049702345
0.02061973
0.019185
0.014498815
0.020641249
0.051080948
0.021767858
0.020856787
0.021094301
0.023639899
0.019628151
0.020855453
0.048028331
0.026037401
0.026318827
0.020120508
0.022418352
0.022675903
0.022168144
0.018359445
0.021607503
0.018218986
0.021127685
0.01482043
0.021619271
0.020873328
0.025407329
0.01865875
0.022843716
0.0350484
0.0182296
