0.017209862
0.013618934
0.011043712
0.012727912
0.011440968
0.014305762
0.012719596
0.010913528
0.014233326
0.012518158
0.011910898
0.014640491
0.012159024
0.011680215
0.013567717
0.012556589
0.016096903
0.015710597
0.016470323
0.011200875
0.010523214
0.016124885
0.012926383
0.015788603
0.01321224
0.010393531
0.016684023
0.010662724
0.016651179
0.011011856
0.017324272
0.012895799
0.014244698
0.011920127
0.010195994
0.016343107
0.012713192
0.016153212
0.012334652
0.014803633
0.017871809
0.007672118
0.013252883
0.017006143
0.016392546
0.012619623
0.016450766
0.011900735
0.015755444
0.011331567
0.019342604
0.015700085
0.013743013
0.011259044
0.016185492
0.016957406
0.014020776
0.018975638
0.013833147
0.014766583
