0.028203161
0.016324643
0.020004709
0.021727079
0.021940334
0.019368266
0.018506625
0.022929596
0.021684436
0.028900052
0.021385745
0.021319518
0.022886862
0.022253006
0.040174533
0.021680815
0.022038996
0.020632658
0.021561837
0.021640035
0.022389662
0.015382904
0.025380905
0.024891022
0.057489474
0.022976898
0.027212109
0.022914318
0.029919389
0.020618225
0.022403364
0.022590128
0.014974381
0.023247819
0.019904394
0.022077491
0.025910686
0.019403199
0.058114526
0.026530895
0.019497739
0.015261395
0.023150861
0.017810526
0.016644657
0.024369558
0.021345582
0.022375061
0.063506075
0.026240826
0.023496143
0.022422069
0.028515864
0.023024826
0.02219186
0.025121345
0.025164275
0.023071582
0.023576914
0.033470128
